0,1
0,2,3,4,5
0,6
0,7,8
0,9,10
11,12,13,14,15,16,17,18,19,20
11,21,22,23,24,25,26,27,28,29,30,31,32,33,34,35,36,37,38
11,36,39,40
41,42
41,43
41,43
44,45
46,47,48
48,49
50,51,52
51,52,53
51,52
50,51,52,54,55,56,57,58,59
60,61,62,63
63,64
60,61,63,64,65
50,54,66,67,68,69,70,71,72,73,74,75,76,77
67,72,78,79,80
72,78,79,80,81
72,80,82
83,84
83,85,86
83,87
88,89
30,90,91,92,93,94,95
96,97,98
96,97,98
99,100,101
102,103,104,105
103,106
107,108,109
21,24,110,111,112
113,114,115,116,117,118
113,114,115,116,117,118
114,115,118
114,118
113,114,119
120,121
122,123
122,123
124,125
126,127,128,129,130,131,132,133,134,135,136,137
129,134
138,139,140,141
140,142
140,143,144,145
146,147,148
149,150,151,152
151,153,154
151,155
156,157,158
157,159,160,161,162,163,164,165,166
9,157,167
157,168
157,169
157,163,170,171
172,173
173,174
175,176,177,178
175,179
175,178
180,181
182,183
182,184
182,184,185,186,187,188
189,190
189,190,191,192
193,194,195,196
193,194,195,196
193,195,196,197,198,199
196,200,201
188,196,200
196,200,202
196,200
36,39,203,204
184,205
184,205,206,207
186,208,209,210
84,211,212,213,214,215,216,217
28,213,215,218,219,220,221,222,223,224,225
84,211,212,213,215,226,227,228,229,230
84,213,215,226
183,187
139,231
139,141,231,232
139,231,233,234,235
139,231,235,236
139,231
237,238
239,240
239,240,241,242
239,240,241,243
239,240,244,245
239,240,241,246
239,240,246
239,240,247,248,249,250
150,239,240
59,251,252,253,254
59,251,252,253,254
59,254,255
59,252,256
188,200
188,205
188,257,258
259,260
261,262,263
261,263,264,265
266,267,268
266,269
266,270,271
200,202,272,273,274
275,276,277
275,278,279
280,281
280,281
280,281
7,282
283,284,285,286,287
139,288
289,290
60,61,64,65
166,291,292
293,294
295,296
14,297,298,299,300,301,302,303
14,304,305
14,305,306
13,15,18,305,307
305,308
14,19,303,304,305,309,310,311,312,313
14,305
314,315
28,75,316,317,318,319,320
319,320
321,322
322,323
34,324,325
22,23,87,324,326,327,328
324,329
324,330,331,332,333,334,335
276,279
336,337
338,339,340,341,342,343,344
38,345,346,347,348,349,350,351
351,352
345,346,348,349,350,351,353,354
12,351
346,347,348,349,350,351
355,356,357
358,359
360,361
107,362,363,364,365
85,86,107,362,363,364,366,367
368,369,370
368,370,371,372
368,370,373
374,375
374,376
62,377
13,17,20
13,14,15,16,17,18,19,20,378,379,380,381,382
13,15,16,17,18,19,20,378,379,380
12,13,14,15,16,17,18,19,20,307,379,380,381,383,384
13,20,382,385
13,15,16,17,18,19,20,379
386,387
24,112,388
24,112,389
21,24,28,112,223,269,390
21,24,112,223,391,392,393
24,112,394,395
24,112,218,220,223
21,24,112,396,397,398
34,223,399,400
401,402
401,402,403
401,402,404
401,402,403
28,34
23,28,223
28,35,37,405
28,406
28,34
28,223
28,211
28,30
28,407,408
34,400,409,410
411,412
205,412
85,86,413,414
22,85,86,224,326,415,416,417,418,419,420,421
22,85,86,224,326,419,421
14,15,17,18,19,22,34,85,86,224,227,270,303,304,381,385,422,423,424,425,426,427,428,429,430,431
432,433
433,434,435
433,434
436,437,438
436,437,439,440,441,442
443,444
205,443
445,446,447
445,446,447,448
80,449,450
80,451
14,227,304,425,427,452,453,454,455,456,457
19,227,424,430
227,458,459
14,223,227,423,427,429,460,461
227,462,463
464,465
464,465
464,465
466,467
468,469
195,200,470
471,472
473,474,475
228,230,476
14,228,230,477,478
228,230,479
19,228,230,311,428,480,481
14,228,230,303,482,483,484
35,37,84,228,230,485
486,487,488
489,490,491
492,493
492,493
494,495,496,497,498,499
285,500,501,502,503,504
502,503
502,503
502,503,505,506
502,503
502,503,507,508,509
502,503,509
510,511,512
3,513
285,500,514,515,516
138,517
75,138,517,518
519,520
521,522
521,522,523,524
130,525
250,526
323,527,528
527,528,529,530
531,532,533
69,534
534,535,536
537,538,539,540
198,199
198,199
541,542,543,544
543,544
545,546,547
548,549
550,551,552,553,554,555
550,551,552,553,554,555
35,37,556,557
14,270,303,558,559,560,561,562,563,564,565
12,14,422,560,561,565,566,567,568
223,303,565,568,569,570
12,14,270,565
14,270,301,303,304,309,431,558,561,562,565,571
12,14,19,270,303,481,558,559,560,561,562,563,564,565,568,570,572,573
14,303,558,565,571,574,575,576
321,577
578,579,580,581
582,583,584
582,583,584
582,584,585
582,584
535,582,584,586
190,192,587,588
589,590
9,200,591
200,257
270,303,425
6,592,593
13,381,385,594,595
415,416,418
415,416,418
22,415,416
596,597
14,22,34,325,562,598,599,600,601,602,603
604,605
22,36,40
606,607,608,609
342,610,611
610,611,612
122,529,610,611,613,614
496,610,611,615,616,617,618
12,23,225,601,619
14,378,380,452,457,620
243,248,621,622,623
127,128,624,625,626,627,628,629,630
631,632,633,634
519,635,636,637,638,639
640,641
75,642,643,644,645,646
75,642,644,645,646
506,647,648,649,650
359,651,652,653,654
117,376,655,656
657,658,659
25,33,36,38
660,661
524,661
662,663
84,663,664,665,666
14,84,270,481
84,667
6,84,668
669,670
669,670,671
77,609,672,673
77,674
74,77,609,675
74,77
76,77
676,677
676,677
678,679,680
681,682
14,15,18,19,304,424,430,562,683
684,685,686
684,685,686
684,687
6,139,328
6,24,34,224,481,482
6,24,34
6,328
6,34,325,688
6,24,87
404,622,689,690,691
689,691,692
622,689,691
12,14,87,225,558
39,224,225,418,693,694
39,224,225
39,224,225,418,695
225,418
696,697,698
698,699,700
408,701
702,703
650,702,704
705,706,707
35,37,708
35,37,708,709,710
373,711
712,713
276,714
714,715
211,716
541,542,717,718
667,719
667,720,721
667,721
722,723
724,725
113,117
245,726,727
166,330,552,728,729,730,731
732,733,734,735
732,734,735,736
329,737
737,738
24,223,739
37,740,741
35,37,741,742
743,744
743,744
7,743,744
743,744
245,726,745
247,746,747
748,749,750,751
748,751,752
753,754
126,632,633,755
632,633,756
301,757
758,759
247,622,758,759,760,761,762
516,763,764
765,766
14,270,303,767,768
769,770,771,772
773,774
617,618
639,775
343,639
776,777
778,779
285,780,781,782,783,784
785,786
787,788
787,789,790
791,792
793,794,795
122,729,730,796
14,19,303,311,353
34,400
580,581,797
580,581,798
598,799,800
801,802,803
804,805
804,806
804,806
807,808
117,118,809,810,811
812,813
232,477
814,815,816
814,815,816
341,344
341,344,397,398,817
341,344
56,58,75,643,818
501,504,819,820
501,504
500,501,504,781
821,822
823,824,825
672,826,827,828,829,830,831
672,826,827,828,829,830,831
232,518,832
31,833,834,835
599,834,836
834,837,838,839
840,841,842
271,574,843,844
366,845
845,846,847
69,535,536
12,309,421,536
434,848,849
38,262,850
262,263
4,5,755
4,5,755
801,851,852,853
854,855
219,406
856,857,858
30,859,860
30,859,860
30,859,860
24,218,223,861,862,863,864,865,866,867
868,869,870,871,872,873
833,872,874,875
868,871,872
15,18,381,842
307,381
17,381,876,877,878
12,14,304,309,381
13,17,19,309,379,381
381,879
15,16,17,19,309,381
14,15,16,17,18,19,307,309,379,380,381,880
881,882,883
884,885,886
887,888
889,890,891,892
893,894
893,894
165,895
896,897
50,896,898
896,897
161,174
899,900
7,500,901
902,903
516,904,905
209,751
906,907
23,35,37,742
35,37
35,37,908
909,910
685,911
648,912,913,914
7,506,648,912,915,916,917
247,918,919,920
921,922,923,924
34,325,688
12,14,22,270,480,688,864,925,926
927,928
34,320,325,328,562
138,328,929
328,930,931
34,328,932
22,328
326,328
122,328
267,346,348,349,350
13,346,350,484,933
12,267,346,350,562
346,350,562,934
22,23,24
22,23,417
22,23
935,936,937
938,939
53,940
941,942
941,943
34,481
348,349,481
323,944,945,946
944,947
116,122
116,118
116,118
13,14,15,16,17,18,379
15,16,17,18,379,880
348,349
348,349,948,949
348,349,950
348,349
348,349,562
348,349,948
612,723
612,951
612,952,953
106,672,827,831,954
106,366,954,955,956
104,106,954,956,957
285,500,516
177,958
839,959,960
87,929
27,961
14,303,422,482,483,484,962
12,422,423,963
422,964
12,14,303,422,482,483
14,422,453,559,574,671,965
966,967
966,967
966,967,968
969,970
396,876
396,683
396,876
971,972
598,800,973,974
975,976,977,978
978,979
978,980
981,982
981,982
981,982,983
12,16,17,309,379,380,880
12,14,229,270,271,303,574
12,984
12,14
12,14,308
12,14,226,270,462
12,14,270,303
12,423,985
12,271,986
12,14,271,558,987,988
12,14,19,270,559,561,568,569,572,989
12,990
12,991
14,992,993
891,994
550,552,995,996
7,550,650,997,998
391,392
30,999,1000,1001
30,555
30,601,1002,1003
345,347
267,268,345,350,1004
535,1005,1006
1007,1008
34,325,605,1009
14,34,325,561,932
34,325,482,1010,1011,1012
497,499
1013,1014
1015,1016
1017,1018
19,270,480,482,568,569,602,1019,1020,1021
14,270,303,559,561,568,569,572
270,559,561,568,569,989
427,455,456
1022,1023
437,440,1024
437,440,441,1024,1025,1026,1027
437,440,441,1024,1025,1026
440,1024
437,440,1024,1028
440,1024
1024,1029
440,1024,1030
437,440,1024,1025,1026
437,440,1024,1025
1031,1032,1033
1034,1035,1036,1037,1038,1039
1034,1035,1036
1040,1041
575,1042
1043,1044
138,236,842
22,326,842,1045
22,326,842
326,842
1046,1047,1048
1049,1050
505,1051,1052
465,1053
14,270,301,303,309,431,558,561,571,1054
1055,1056,1057,1058,1059
945,1060
323,945,1061
945,1062
323,945
1034,1036,1037
247,249,760,1063,1064
247,249
249,635,1065
1066,1067,1068,1069
1070,1071
3,1072
771,922,1073,1074
115,117,122
115,375
115,118
500,1075
1076,1077
977,979
1078,1079,1080,1081
1079,1080
376,1082
356,357
1083,1084
162,1085
1086,1087
326,1088,1089
511,512,1090,1091,1092,1093
366,1094
605,1095,1096,1097,1098
36,1099
15,876
15,876
692,747,1100,1101
168,747
622,747,761
955,976,1102
976,1103
524,1104
500,524,1104
524,1105
524,1105
511,1106,1107
304,309,683
19,304,309,683
955,956,1072,1102,1108
343,1109,1110
524,927
524,1111,1112
524,1111,1113
1111,1114
14,1115,1116
14,270,426
14,270,303,423,558,991
14,270,303,423,558,991
14,270,303,423,558,991
270,271,303,562
14,270,303,991
14,270,303
14,270
14,270,303,480,558
14,270
14,19,270,271,304,1117
14,270,558,559,567,574,1118
14,270,561,568
270,303,558,991
531,533
1119,1120
712,1121
245,1058
1122,1123
861,866
417,482
482,1124
482,1011
1125,1126
329,646
1127,1128,1129
467,1130,1131
467,1132,1133,1134
1135,1136
1135,1137
1,278,875
875,1138
658,1139,1140
1141,1142,1143
1141,1144
159,162,164
160,162,164,165,1145,1146
168,703,763,1147
763,1148
763,1149
763,847
763,1050
14,309,562,800
14,1150
14,19
14,303,307,1151
14,1152
14,19,304
14,19
14,1153,1154
14,308
14,19
14,19
14,1155
14,303,1156
14,1157
14,1157
14,1157
14,271
14,303
14,304,1154
14,1158
14,1125
14,1159
14,19,304
14,303,558
14,570,598,1160
14,413,1161,1162
14,555
14,567,574
14,1163
14,75
14,19
558,767
367,980
1164,1165,1166
923,1164,1165,1167,1168
117,923,1165
923,924,1168
506,1168
1169,1170
317,1171
118,166,1172
1173,1174
505,1175
505,506,648
505,648,1176
505,1177
1178,1179
286,500,1180
285,500,1181
500,506,648
285,1182
285,1182
13,1183
449,1184
672,827,830,831
672,827,830,831
672,827,830,831
523,672
31,961
31,590,961
31,590,961,1185,1186
31,961
836,1187
1188,1189
947,1190
323,1191
166,172,653
271,303
19,267,303
303,480
75,251,255
75,256,518
57,75,255
75,518,1192
75,643,818
256,518
518,1193
1194,1195,1196,1197
1194,1195,1196,1197
555,1124,1198
555,1124
567,671
128,629,1199
22,1200
22,1200
1201,1202
212,1203
211,212,217,1204,1205
87,1206
105,937
105,907
342,1207
34,38
34,1208
1209,1210
1211,1212
36,1213,1214
1120,1215
609,1216
323,1061,1217
166,1218
494,496,1219
122,494,496,616,1219
496,1219,1220
294,496,1221,1222
496,1221,1223
496,616,1224
496,616,1225
1226,1227
277,1228
304,561,568,1124,1229
853,1166,1230,1231
506,825
682,824
648,682
682,1232
7,649,650,682,703,1233,1234,1235
506,648,682,824,1236
884,886,1237
886,1050
886,1050
886,1237
654,819
166,359,653,654
654,1238
166,654
1239,1240
1241,1242
837,1243
1244,1245
15,1117
301,405,458,562,1212
1106,1246
1247,1248,1249
1250,1251
1060,1252
729,783,1253
490,491
1254,1255
256,1256
246,1257
343,1258
107,320
197,1259
1260,1261
473,1101,1262
1263,1264
630,971
304,309,423,428
36,1214
139,1265
202,257
488,1266
488,1266
408,1266
408,1266
1267,1268
1269,1270
22,224,864,1271,1272
864,1273
39,224,864
22,414,864
462,1208
462,463
166,1177,1274
601,1275,1276
1277,1278
437,440,441
304,426,428,1279
21,304,309,427,428,1280
616,1281
1282,1283
1078,1081
1078,1080
65,440,1284
122,729,1285,1286
1157,1287
1288,1289
1093,1288
397,1290
366,907
1291,1292
166,1293
166,1293
1294,1295
168,1296,1297
1298,1299
870,1300
1301,1302
635,1303
242,1304
622,1101
1056,1101
724,1305
166,616
494,1224
366,1306
304,309
19,309
17,309,379,380,880
301,562,1307
1061,1308
507,508,509,1309,1310
506,648
506,650
506,648,650
166,506,648,649,650,1072
506,650
659,1311,1312
1312,1313
1314,1315
440,1028
440,1030
440,1284
440,1030
122,729
122,615,729,730
122,729,1285
118,122,1316
118,122
122,1072
122,729,1285
122,166,1072
122,530
21,24
21,388
1317,1318
7,1318
47,1319
1320,1321
1320,1321
1067,1069
165,904
1322,1323,1324,1325,1326
1323,1324,1326
705,706
706,1327
824,1328
197,1329,1330
118,648,1331,1332,1333,1334
648,1335
166,888,1335
650,703,1335
118,1336
118,1337
118,1338
294,1112
413,1161,1339
1340,1341
1062,1110
128,626
128,626
626,1342
265,1343
7,166,729
1344,1345
1346,1347
342,1348
1349,1350
1351,1352
868,1353
868,1353
529,530,1354,1355
1356,1357
1358,1359
271,988
1360,1361
1362,1363
486,1364
1365,1366
541,1367
1057,1368
1057,1368
635,1369,1370
908,1371
166,917,1372,1373
1372,1374,1375
1376,1377
1378,1379,1380
1379,1380
1379,1380
117,656
166,1372
1322,1323,1324,1381,1382
1039,1060
646,1383
697,1384
1385,1386
166,1387
168,1388
1389,1390,1391
835,1392
1393,1394
1395,1396
285,847
413,414
22,326
1160,1276
382,1397
1398,1399
1398,1399
241,1400
247,635,760,937,1401
247,635,760,937
1402,1403
1369,1404
163,846,883
1405,1406
1407,1408
166,729,1072
243,247
343,1409
343,635
343,635,1410,1411
1412,1413
1412,1413
635,1414
166,285,649
1415,1416
1322,1324
1417,1418
1244,1404
977,1316
166,1419
166,1072
117,166
166,1420
166,1072
166,1072
857,858
635,1120
36,1421
36,519,1422
1423,1424,1425
1423,1424,1425
679,1426,1427
45,679,680,1427,1428
1388,1429
622,1430
1431,1432
1433,1434
1433,1434,1435
1433,1434
469,1436
1118,1319
1437,1438
1439,1440
1195,1441
635,1349
370,1442
1362,1443
1444,1445
1446,1447
1448,1449
359,1450
1451,1452
869,1453
1156,1454,1455
1296,1354,1456
1195,1457
