0,1
2,3,4
5,6
7,8,9,10
11,12
13,14,15,16
17,18,19,20,21,22,23,24,25,26,27,28,29,30,31
32,33
34,35,36,37
38,39,40,41,42,43,44,45,46,47,48,49,50,51
52,53,54,55
56,57,58,59,60,61,62
63,64,65,66
67,68,69,70
4,71,72,73,74,75,76,77,78,79,80,81,82,83
17,34,35,84
85,86
17,28,29
87,88,89
90,91,92
93,94
95,96,97,98,99
100,101,102
103,104,105
106,107,108,109,110
111,112,113,114,115
116,117
118,119,120,121,122,123,124,125,126,127,128,129,130
131,132
133,134,135,136,137
34,35,138,139
140,141,142,143,144,145,146,147
148,149,150
151,152
153,154,155
29,156,157
158,159
160,161,162,163,164,165,166,167,168,169,170,171
172,173,174
175,176,177,178,179
180,181
182,183
184,185
186,187
188,189
190,191,192,193
194,195
196,197
198,199
200,201
202,203,204
205,206,207
208,209,210,211
143,212
213,214
97,215,216,217,218,219,220,221,222,223,224,225,226,227,228,229,230,231
232,233,234
235,236
6,237,238,239,240
241,242
243,244
245,246,247
237,248
249,250
251,252,253
254,255,256
257,258,259
260,261,262,263
264,265
14,266
267,268
269,270,271,272,273,274,275,276,277,278
173,174
279,280
281,282,283
284,285
286,287,288,289
290,291
268,292,293,294,295,296,297,298,299,300,301
302,303,304
305,306,307,308,309,310,311,312,313,314,315,316,317,318,319,320,321,322,323,324,325,326,327,328,329,330,331,332,333,334
335,336
324,325,327,328,332
15,337,338,339,340,341,342,343,344,345,346,347,348,349,350,351,352,353,354,355,356,357,358,359
360,361,362,363,364,365,366,367
368,369,370,371,372,373
374,375,376
120,122,124,125,127,128,129,377,378,379,380,381,382
383,384,385,386,387,388
389,390,391,392,393,394
395,396
397,398,399,400
140,147
401,402
403,404
405,406
75,83,407,408,409,410,411
412,413,414,415,416,417
418,419,420
421,422,423,424,425
426,427,428,429,430,431,432,433
434,435,436
437,438,439
292,388
440,441,442,443,444,445,446,447
448,449,450,451,452
20,453,454,455,456,457
120,458
301,459,460,461,462,463,464,465,466,467,468
208,209,211,469,470,471,472,473,474,475,476,477,478,479,480
481,482,483
484,485,486,487,488,489
490,491
492,493,494,495,496
497,498,499
500,501,502,503
504,505,506,507
508,509,510,511,512,513
427,428,429
495,496,514
515,516
517,518
519,520
521,522,523,524,525,526,527,528,529
530,531,532
421,423,424,533,534,535,536,537,538,539,540,541,542
321,543
544,545,546,547
548,549,550,551,552
553,554
334,555
556,557,558
559,560,561,562,563
564,565
566,567,568
530,569,570,571,572,573,574
575,576,577,578,579
580,581
582,583
584,585,586
587,588,589,590,591,592,593,594,595,596,597
598,599,600
601,602
403,603
604,605,606,607
608,609
610,611
612,613,614
615,616
617,618
442,619
620,621
34,622,623
535,592,624
625,626,627,628
629,630
631,632,633,634,635,636,637,638,639,640
114,301
641,642,643,644
645,646,647
200,296,648,649,650,651
652,653,654,655,656,657,658,659,660
661,662,663
664,665,666
667,668,669
94,301,670,671,672
542,673
674,675,676
677,678
679,680
681,682,683,684
685,686
687,688,689
7,8,9
406,590,591,592,690,691,692,693,694,695,696
697,698
619,699,700,701,702
703,704,705,706,707,708
709,710
711,712
65,290,291,567,713,714,715,716,717,718,719,720,721,722,723,724,725,726,727,728,729,730,731,732
484,487
733,734
735,736,737,738
480,739,740
321,325,741
742,743
555,744,745
746,747,748,749,750,751
752,753
109,754,755,756,757,758
11,12
759,760,761,762
763,764
765,766
767,768,769
770,771,772
773,774,775
776,777
564,565
778,779,780,781,782,783,784,785,786,787
739,788
789,790
791,792
793,794
795,796
797,798
799,800,801
802,803
804,805,806
807,808,809
733,734
11,12
810,811,812
152,813,814
815,816,817,818
757,819
820,821
33,84,822,823,824
244,825
826,827
828,829
148,150
830,831
294,298
832,833,834,835,836,837
175,838
839,840
556,557,558,841,842
843,844,845,846
235,810
847,848,849,850
851,852,853,854
389,390
855,856,857,858,859,860,861
483,862,863,864,865,866
867,868
869,870
871,872
873,874,875,876
877,878
11,12,212,331,879,880
74,78,281,414,881
106,107,108,110
882,883
64,286,287,664,665,666,884,885,886,887,888,889,890,891
892,893,894
220,895
459,896
874,875
897,898
331,899
361,363,367
58,900
901,902
714,903
904,905
906,907
832,836,837,908,909,910,911
11,12
912,913
914,915,916,917,918
249,250
511,919,920,921,922,923
257,258,259
517,518
185,924,925
84,823,926,927,928,929,930,931,932,933,934,935,936,937
912,913
938,939,940
367,941
87,88,89,942,943,944,945,946
584,586,925,947,948,949
441,443,445
950,951,952
953,954
412,413
955,956,957,958
314,927,959,960,961
962,963,964,965,966
967,968
969,970,971,972,973
431,432,974,975
914,915,917,918,976,977,978,979
980,981,982
983,984,985
471,472,477
161,394,601,986,987,988,989,990
334,991
992,993,994
954,995
585,996,997
998,999
1000,1001
1002,1003
1004,1005
1006,1007,1008,1009,1010,1011,1012,1013,1014
1015,1016,1017
1018,1019
1020,1021
1022,1023,1024,1025
1026,1027
1028,1029
754,1030,1031
1032,1033,1034,1035,1036,1037,1038,1039
1040,1041
1042,1043,1044
938,940
138,843,844,845,846,1045,1046,1047
12,823,927,1048,1049,1050
1051,1052,1053,1054
439,1055,1056,1057
107,110
1058,1059
337,340,349,356,359
532,1060,1061
1062,1063,1064,1065
553,1066
316,434
969,973,1067,1068,1069
535,1070,1071
205,206,207,823,1072,1073,1074,1075,1076,1077,1078,1079,1080,1081,1082
1083,1084
567,1056
1085,1086
73,79,407,410,1087
1075,1088
773,957,1008,1011,1012,1013,1014,1037,1089,1090,1091,1092,1093,1094,1095,1096,1097,1098,1099,1100,1101,1102,1103,1104,1105,1106,1107
1108,1109
1110,1111
188,762,1112,1113
557,558
1114,1115
281,407,410,591,596,597,827,1087,1116,1117,1118,1119,1120,1121,1122,1123,1124,1125,1126
1127,1128
76,77,79,407,409,410,411,1121,1129,1130,1131,1132
1133,1134
1135,1136
316,334
626,627,970,971,1137,1138,1139
823,927
823,1140
1141,1142,1143
1144,1145,1146
192,193
67,68,69,70,1147,1148,1149,1150,1151,1152,1153,1154,1155
1156,1157,1158
1159,1160,1161,1162
1163,1164
1165,1166
1167,1168
1169,1170
273,1171,1172
1173,1174
1175,1176
1024,1025
331,806
1177,1178,1179
398,1180
1181,1182
1183,1184
8,85,86,919,920,923
13,14,504,505,506,507,1185,1186,1187,1188,1189,1190,1191
1192,1193
1056,1194
1195,1196
36,194,235,1197,1198
543,1199,1200
919,920,923
242,762,1201,1202,1203,1204
65,847,848,849,850,1205,1206,1207,1208,1209,1210,1211,1212,1213
892,893
91,1214,1215
22,25,577,1216
679,776,777
139,301,438,1217,1218,1219,1220,1221,1222,1223,1224,1225,1226
807,808,809,1051,1052,1053,1054,1227,1228,1229,1230,1231,1232,1233,1234,1235,1236,1237,1238,1239,1240,1241,1242,1243
1244,1245
355,1246,1247
257,258
1248,1249
1250,1251,1252
511,919,921,922
500,501,1253,1254
1255,1256
478,480,1257,1258,1259,1260,1261,1262
1263,1264,1265
483,865,1266
37,257,258,989,1267,1268
360,361,362
401,402
771,772
161,1269,1270,1271
1272,1273,1274
1077,1079,1080,1081
1275,1276
448,449,450,451,452,1277,1278,1279,1280
84,1281,1282,1283,1284,1285,1286,1287,1288
1289,1290
35,1006,1009,1033,1034,1097,1100,1104,1106,1291,1292,1293,1294,1295,1296,1297,1298,1299,1300,1301,1302,1303,1304,1305,1306,1307
139,1308,1309
338,339
52,53,55,601,602,623,986,987,1048,1049,1050,1310,1311,1312,1313,1314,1315,1316
106,1184,1317
470,476
566,568,1318,1319,1320
515,516
796,1321
1322,1323
1324,1325
301,863
35,72,73,175,407,826,1122,1143,1326,1327
649,650,1328,1329
1330,1331
458,1178,1332,1333,1334,1335,1336,1337,1338,1339,1340,1341,1342,1343,1344,1345,1346,1347,1348,1349,1350
257,258
1351,1352
202,203,204,355,1246,1247,1353
1354,1355,1356
863,1191
1269,1270
1357,1358,1359
1360,1361,1362
1294,1303,1363,1364,1365,1366
219,226
47,51
1021,1367,1368,1369,1370,1371,1372,1373,1374,1375
1376,1377,1378,1379,1380
1042,1044,1275
348,604,788,887,1381,1382,1383,1384,1385,1386,1387,1388,1389
11,12,1390,1391
1392,1393
342,344,358,384,385,387,1394
397,398,399,400,797,798,1395
569,570,1396
1397,1398
166,170,1399,1400
1165,1166
7,1401
404,1402
1403,1404
194,195,1405
1406,1407,1408
1409,1410,1411,1412,1413,1414,1415,1416
832,836,1417
589,1418
988,1419
1175,1176
301,863
235,236,1420,1421
937,1422,1423,1424,1425,1426,1427
1428,1429
348,1430
1431,1432,1433,1434,1435,1436
200,296,649,650,1328,1437,1438,1439,1440,1441,1442,1443,1444
1406,1445,1446,1447
139,201,296,649,1308,1440,1448,1449,1450,1451
820,821
620,621,1062,1063,1064,1065,1452,1453,1454,1455
1456,1457
1458,1459
1460,1461
71,75,77,1129,1462
993,994
970,972
78,1463,1464
763,764
453,454,690,1465
580,581,1022,1023,1024,1025,1397,1398,1446,1466,1467,1468,1469,1470
926,959
100,101,102
109,756,758,881,1471,1472
1060,1061
1473,1474
1475,1476,1477,1478
480,1055,1056,1070,1194,1479,1480,1481,1482,1483,1484,1485
1218,1221,1486
1487,1488
1004,1005
360,361,362
645,646,647
500,501,1253,1319,1489
316,475
873,1490,1491,1492
441,443,445
1493,1494,1495
1032,1036
1493,1496,1497
1498,1499,1500
832,833,834,835,836,837,908,909,910,911,1216,1501,1502,1503,1504,1505,1506,1507
1508,1509
406,454,582,583,1026,1027,1510
290,291
99,1511
1233,1234,1235,1236,1237
1512,1513
257,258,259
1148,1514,1515
301,1354
1516,1517
174,254,434
1518,1519
243,1520
587,1521
35,180,181,1060,1061,1475,1476,1522,1523,1524,1525,1526,1527,1528,1529,1530,1531,1532,1533,1534
1487,1488,1535,1536,1537
37,84,314,545,546,547,823,887,927,959,1040,1041,1532,1538,1539,1540,1541,1542,1543,1544,1545,1546,1547,1548,1549,1550,1551,1552
1553,1554,1555,1556,1557
314,1539
254,255
235,1160,1161
960,961
533,1558,1559
856,860
1217,1219,1220,1225,1560
1561,1562
331,681,682,1563,1564,1565,1566
109,754,755,756,881,1030,1031,1471,1472,1567,1568,1569,1570
1571,1572
520,1573
1574,1575
1322,1323
1576,1577,1578,1579,1580,1581
1582,1583
1584,1585
667,668
1350,1586,1587
959,1588
1589,1590
11,12
1173,1174
157,188,190,191,583,1112,1113,1521,1575,1591,1592,1593,1594,1595
237,248
11,12,929
556,557,558,842,1596
1597,1598,1599
1335,1503,1600,1601,1602
1603,1604
1605,1606,1607,1608
175,257,258,259,757,819,838,988,1285,1419,1609,1610,1611,1612,1613,1614,1615,1616,1617
1618,1619
1184,1620,1621
537,1560
1622,1623
1410,1411,1412,1413,1414
139,1308
374,376,631,632,633,637,640,825,1624,1625,1626,1627,1628,1629
501,1630
1631,1632
813,1633,1634
321,325
1635,1636
1637,1638
1639,1640
431,432,975
1641,1642
376,741,1643
957,1644,1645
161,990,1089
38,269,270,271,272,275,277,278,297,1646,1647,1648,1649,1650,1651,1652,1653
1654,1655
1250,1251,1252,1656,1657,1658,1659,1660,1661,1662,1663,1664,1665,1666,1667
84,927
19,1668,1669,1670,1671,1672,1673
1203,1204,1674
454,1574,1575,1675
1676,1677
368,370,371,372,373
115,301,670,671,1678,1679,1680
566,568
1112,1591,1593,1594,1681,1682
421,423,534,541,1226,1683
1028,1029
663,1684
282,1685
11,12
11,12
508,513
1536,1686,1687,1688,1689
223,229
1690,1691
1692,1693,1694,1695
1696,1697
1544,1698
517,518
301,1678,1679,1680
1699,1700,1701
1409,1415
1004,1005
1280,1478,1702
194,195,1703,1704,1705
1175,1176
35,183,1295,1296,1298,1706,1707,1708
1332,1346,1347,1348,1709,1710,1711,1712
1713,1714
1715,1716
820,821,1350
405,887,1540,1542,1543,1545,1546,1547,1549,1551
1717,1718,1719,1720,1721,1722
96,97
11,12,1597,1723,1724
1661,1663
722,1725
363,365,367,741,1135,1520,1726,1727,1728,1729,1730,1731,1732,1733
1734,1735,1736
1516,1517
1202,1737,1738,1739,1740
1153,1154,1155,1741
704,705,706,707,708,1742
795,1743
454,455
162,164,167
1676,1677,1744
1745,1746
84,803,967,968,1073,1477,1532,1637,1638,1747,1748,1749,1750,1751,1752,1753,1754,1755,1756,1757,1758,1759,1760,1761
97,230
1762,1763,1764,1765,1766,1767
501,1254,1768,1769
134,137,1770
536,539,1771,1772,1773,1774
1360,1361,1775
826,827,1776,1777,1778
1779,1780
393,394,553,1066,1781
11,12
1317,1782,1783,1784,1785
1609,1611,1612,1617
12,84,139,314,823,927,959,1786
1713,1714,1787,1788,1789,1790,1791,1792,1793,1794,1795,1796
1452,1797,1798,1799,1800,1801,1802,1803,1804,1805
1806,1807
196,197,434,435,436,685,686,1808,1809,1810,1811,1812,1813,1814
1642,1815
1500,1622,1816
733,734
1788,1817,1818,1819
1556,1557
223,229
1063,1454
1755,1759,1761
11,12
1820,1821,1822,1823,1824
1512,1513
588,590,591,597,1825
316,318,321,334
1548,1550,1551,1698,1826
1493,1494,1495,1827,1828,1829,1830,1831
11,12,1273,1274,1597,1598,1599,1723,1832
1631,1632
858,861,1833,1834,1835
1836,1837
604,607,1838
1839,1840
604,607,816,851,852,853,854,1764,1838,1841,1842,1843,1844,1845,1846,1847,1848,1849,1850
991,1851,1852
884,1853
770,1854,1855
897,898
11,12
1568,1569
1481,1856
608,1857,1858,1859,1860,1861
1862,1863,1864
1156,1157,1158
301,459,460,462,465,466,467,468,896,1600,1711,1865,1866
816,852
1867,1868
215,219,226,228
346,1772
583,1418
731,732
158,159
1869,1870,1871,1872
1060,1061,1873
874,875
1874,1875,1876,1877
1250,1251,1252
1400,1878
1480,1484
1879,1880,1881,1882
1883,1884,1885,1886,1887
1149,1155
139,281,407,408,409,411,590,591,597,1087,1117,1119,1120,1121,1124,1125,1383,1592,1595,1888,1889
615,616,1192,1193,1376,1377,1378,1379,1380,1840,1890,1891,1892,1893,1894,1895,1896,1897,1898,1899,1900,1901,1902,1903,1904,1905,1906,1907,1908,1909,1910
1911,1912
257,258,900
564,565,1913
27,592,938,939,940
773,1011,1037,1089,1096,1102,1105,1107,1205,1212,1914,1915,1916
1610,1917
612,613,614,1918
412,413
1637,1638
139,1574,1919,1920,1921,1922
1091,1092,1095,1097,1100,1101,1104,1106,1195,1923
1924,1925
0,1,36,1431,1432,1433,1434,1435,1436,1806,1926,1927,1928
619,700,702,1929,1930,1931
907,1159,1162,1202,1203,1204,1548,1674,1707,1771,1928,1932,1933,1934,1935,1936,1937
548,550,551,552,1938,1939
1318,1940,1941,1942,1943,1944,1945,1946
458,462,566,568,1127,1128,1178,1318,1320,1332,1333,1335,1336,1339,1341,1343,1350,1503,1600,1601,1602
38,43,50,308,309,1648,1650,1652
1354,1355
1947,1948
747,749,751
1736,1949
811,812
1072,1950
622,1951
398,399,1180,1952,1953
1954,1955
742,1956
1147,1149
1433,1926,1927
1516,1517
1357,1358,1359
64,664,665,666,884,885,886,887,888,889,890
1315,1316
1481,1485
871,872
486,489
1153,1154
84,314,959,1957
950,951,952,1473
11,12,1364,1762,1763,1765,1958
1631,1632
500,501,1959
4,81,575,1087,1130
863,1372,1960
1911,1912,1961,1962,1963
1964,1965
571,572,573,574
131,132
1392,1393,1525,1966,1967
110,1163,1164,1350,1968
1741,1969
175,176,177,178,179,1970,1971
65,644,1972
718,847,848,1207,1210,1297,1305,1775,1973
95,1325
645,646,647,991
198,331,1974,1975
1797,1803,1804,1976,1977
1500,1622,1816,1978
1979,1980,1981
434,1814
36,161,394,989,990
1190,1982
1983,1984,1985
681,682
1085,1086
486,489,662
991,1986
895,1987
401,402,1988
1820,1821,1822,1823,1824,1989
932,934,1990
1991,1992
1993,1994,1995,1996,1997
1487,1535,1536,1537
1911,1912,1962
47,51,1651
964,1998
181,1526,1527,1529,1530
11,12
1392,1393,1967
106,107,110,1999
2000,2001
268,293,294,298,299,2002
2003,2004
184,2005,2006,2007
482,483
194,195
1516,1517,2008
2009,2010
1986,2011
5,6,2012
1738,2013
1639,1640
254,2014
114,2015,2016,2017,2018,2019,2020,2021
11,12
991,1986
2022,2023
1249,2024
1040,1041
329,1528,2025,2026,2027,2028
257,258
2029,2030
35,1244,1298
12,823,927,959
1001,1964,1965,2031
1576,1577,1580,2032
141,145,622,713,719,720,724,725,2033,2034
927,959
393,394,2035
1623,2036
891,2037,2038
2039,2040,2041,2042
585,996,997
832,833,834,835,836,837,911,1216,1501,1502,1504,1505,1506,1507,2043
1954,1955
2044,2045
580,581,1023,1024,1025,1406,1445,1447,1469,1470
78,881
2046,2047
519,2048
754,756,1030,1031
329,493,2027
823,2049
1639,1640
6,2012
1900,1902
187,877,878,1628,2050
120,2051,2052,2053,2054,2055,2056
2057,2058
1233,1234,1238,1242,1243
697,698
2059,2060,2061,2062,2063,2064,2065,2066,2067
268,293,294,298,299
2068,2069,2070,2071,2072
539,1774
2073,2074
11,12
2075,2076
823,2039,2040,2042
65,601,907,986,987,988,1202,1548,1707,1771,2077
871,872
625,626,627,628,1137,1138,1139,2078,2079
2080,2081
575,904,2082
667,668,669
2083,2084
245,247,438,1133,1217,1219,1220,2085,2086,2087,2088,2089
175,178
294,298
608,609
1883,1885,1886,1887,2090,2091
84,927
959,1860,2092
2093,2094
1879,1880,1881,1882
35,175,884
869,870
1612,1614,2095
765,766,2096,2097,2098,2099,2100,2101,2102,2103,2104,2105,2106,2107,2108,2109,2110,2111,2112
991,1851,1852
996,997
2113,2114
825,1625,2115
109,1472,1648,2116
811,812
2082,2117
409,411,593,595,1117,1121,1131,1383,1386,1888,2118,2119,2120
2121,2122
1964,2031,2123
375,549
590,597
2124,2125
21,23,24,30,1462,2126,2127,2128
0,1433
2129,2130
2105,2110,2131
980,981,982,1141,1199,2132,2133
1326,1382,2134
286,885,2135
907,1202,1548,1707,1771,2136
953,954
1359,2008
645,646,991,2137,2138
2139,2140
1890,1891,1901,1904,1906,2141
930,931,933,935,1764
2142,2143
474,958
2144,2145
2146,2147
43,48
424,538
1407,1408,2148
2149,2150
2117,2151,2152,2153,2154
551,552
175,176,177,178,179
175,314,520,838,1094
674,675,676,2155,2156,2157,2158,2159,2160,2161
1028,1029
2149,2150
1357,1822
1040,1041
748,2162
2003,2004
2163,2164
35,331,823,936,2093,2094,2165
953,954,995,2166
604,788,887,959,969,1067,1069,1138,1139,1181,1182,1381,1384,2167
492,493
2168,2169
246,823,2170
755,881,1471
956,2171
608,609
891,2037
1802,2172
1250,1251,1252
186,1728,2173,2174
676,2159,2160,2161
2175,2176,2177,2178,2179,2180,2181,2182,2183,2184,2185
116,117
156,157,1591
1584,1585
1360,1361
406,2186
249,250,1132
251,252,777,1643,2187
301,1223,1224
593,595,752,753,820,821,2188
1588,2189
953,954,995,1657,1658,2190
2051,2055
419,1071,2191,2192
1500,2193
1207,1209,1210,1211,2109,2194,2195,2196
1536,1687
2197,2198
331,879,880
335,336,2199
585,996,997
759,760,761
1500,1816
290,715,723,726,730,2116
107,1456,2200,2201
301,863,2135
1277,1278
1105,1107,1289,1586,1644,1843,2202
351,354
991,1854,2138
374,629,630,1624,1629,2203,2204
291,721,729
2205,2206
1625,1626
664,665
1004,1005,1255,1256
389,390,391,392
1350,2207
1229,1231,1240
139,810,1291
828,829,1993,1994,1996,1997,2208,2209
84,314,927,959,1182
739,788
2210,2211
106,107,108,110
1743,2212
1165,1166,1454,2213,2214,2215,2216
406,590,591,592,594,597,693,694,826,1007,1304,1326,1382,1561,1592,1595,1889,2217,2218
722,1020
953,954,995
1216,2219
993,994
5,6,238,239,2220,2221
2222,2223,2224
139,1707
195,236,754,756,758,1030,1031,1160,1161,1420,1421,1567,1568,1569,1570,1704,1705,2225,2226,2227,2228
85,86,923
1460,1461,2229,2230,2231,2232
1655,2233
158,159,1350,1695,1706,2234,2235,2236,2237
1935,1936,2238
18,20,24,329,1462
1140,2239,2240
1749,1751,1758,2241
1571,2242
648,651,1309,1329,1449,2243
1093,1196
2244,2245,2246
120,268,293,294,298,299,301
182,1294,1303,1306,1363,1365,1366,1706,2247,2248,2249,2250,2251,2252,2253,2254,2255,2256
681,682,1563,1564,2257
884,2258
1197,1198,2225,2226,2228
2259,2260,2261,2262,2263,2264,2265,2266,2267
2268,2269
2270,2271
2075,2076,2128,2272
1273,1274,1692,1693,1694,1695,1723
2026,2273,2274
492,493,1528,2025,2026,2273,2274,2275,2276,2277
265,658,2124,2125
213,214,1163,1164,1250,1251,1252,1660,1666,1968,2278,2279,2280
27,1268
717,728,1864
1654,2281,2282,2283,2284
2145,2285,2286
301,1678,1679,1680
133,134,135,136,137,578,812,1263,1264,1265,1661,1663,1664,1665,1770,1983,1984,1985,1988,2205,2206,2287,2288,2289,2290,2291,2292,2293,2294,2295,2296,2297,2298,2299,2300,2301,2302,2303,2304,2305,2306,2307,2308
103,104,105,2309
286,288
959,1083,1257
1855,2310
1466,1467,1468,1469,1470
2285,2311
84,314,927,959,1539,1689,1857,1858,1859,1870,1871,1872,1957,2092,2312,2313
434,1811
233,566,568,2314
38,1055,1485,1649,2120,2315,2316
418,420
1748,1752,1753,1754
2287,2291,2305
508,509,510,511,513,1167,1168,2317,2318,2319
633,634
350,507,1185,1186,1187,1188,2320
1598,1599,2321
1206,1207,1643,1973,2322,2323,2324,2325,2326,2327,2328,2329,2330,2331,2332
321,543,1200
426,433
1516,1517
345,347
497,498,610,611
2333,2334
357,1635,1636,1688,2068,2069,2070,2071,2072,2335,2336,2337,2338,2339,2340,2341,2342,2343,2344,2345
1643,2346,2347
2061,2348
2349,2350,2351,2352
1740,2353
2146,2147
1350,2080
1883,1885,1886,1887
2296,2297,2304,2306
1874,1875,1876,1877
241,242
1368,1371,1375
1807,2148
740,1171
1518,1519
321,2354
114,483,862,863,864,865,866,1266,1655,1745,1746,1940,1943,1944,1945,1946,2211,2281,2282,2283,2355,2356
873,874,875,2357
1351,1352
876,2015,2016,2017,2021
519,622,1015,1016,1017,1951,2186,2358,2359,2360,2361,2362,2363,2364,2365,2366,2367,2368,2369
483,1264
153,155
1385,2167
1275,2370
1562,2036
1516,1517
1020,2077
601,986,987,988,989,990,2371
1954,1955,2241
297,1194,1479,1483
449,1277,1279,1280
156,1134,1920,2372
511,919,922,923
100,1780,2373,2374
667,668,669,1797,1804,1976,1977,2139,2140,2219
1968,2279,2375
1709,1710
321,543
2022,2023
73,690
142,144,146
1798,1802
109,756
301,863
485,488,661,663,735,736,737,738,804,805,1165,1166,1177,1178,1179,1684,1788,1790,1792,1793,1794,1796,1818,1819,2213,2214,2215,2216,2376,2377,2378,2379
2068,2069,2070,2071,2072
90,2380,2381
12,17,331,605,606,823,929,959,1493,1494,1495,1496,1497,1510,1829,1830,1831,1846,2382,2383,2384
501,503,823,983,1253,1254,1489,1630,1768,1769,1959,2385
603,1141
2386,2387
